199
1 317 78 0
2 781 42 2
3 1083 49 1
4 1267 37 2
5 1995 58 2
6 2224 58 2
7 2443 73 1
8 213 185 2
9 402 189 2
10 932 176 2
11 1071 201 2
12 1184 177 2
13 1397 169 0
14 1613 124 1
15 1831 104 1
16 2039 182 2
17 2427 250 2
18 110 270 2
19 288 288 2
20 500 235 2
21 725 325 2
22 1081 361 1
23 1252 271 1
24 1522 281 2
25 1641 311 2
26 1815 178 2
27 1845 282 2
28 1923 243 2
29 2221 305 1
30 2505 290 2
31 188 350 2
32 441 410 2
33 626 377 2
34 948 412 1
35 1135 457 2
36 1212 469 2
37 1326 368 2
38 1577 376 2
39 1693 357 2
40 1892 442 2
41 1977 404 1
42 2434 406 1
43 67 444 2
44 319 496 2
45 505 525 2
46 659 479 0
47 782 444 2
48 981 536 2
49 1277 542 2
50 1400 465 2
51 1649 488 2
52 1775 456 1
53 1912 534 2
54 2008 502 2
55 2227 500 1
56 2517 526 2
57 152 541 2
58 395 570 1
59 440 628 2
60 539 614 2
61 706 638 2
62 791 609 2
63 1003 714 1
64 1132 692 2
65 1265 667 1
66 1345 647 2
67 1493 621 0
68 1666 586 2
69 1826 575 2
70 2015 607 2
71 2198 609 2
72 2384 630 1
73 149 642 2
74 233 740 0
75 356 706 2
76 509 703 2
77 611 790 1
78 741 766 1
79 831 750 0
80 1038 793 2
81 1224 820 2
82 1294 777 1
83 1461 7452
84 1578 698 2
85 1676 664 2
86 1849 728 1
87 2029 776 1
88 2114 792 2
89 2186 731 0
90 2308 734 2
91 2489 740 2
92 85 834 2
93 95 900 0
94 248 869 1
95 328 852 2
96 708 900 2
97 772 881 2
98 879 843 2
99 987 855 2
100 1159 914 1
101 1332 849 2
102 1558 762 1
103 1702 740 2
104 1850 812 2
105 2257 846 1
106 2410 869 2
107 2526 873 1
108 2217 1016 1
109 813 1034 2
110 939 918 2
111 1014 1002 0
112 1059 974 2
113 1232 985 2
114 1354 942 2
115 1555 882 2
116 1852 983 1
117 2056 1060 2
118 1855 1104 2
119 2473 1141 2
120 78 1216 2
121 168 1221 2
122 291 1214 1
123 609 1207 1
124 787 1164 1
125 1118 1058 2
126 1439 1004 2
127 1675 1059 1
128 1973 1406 0
129 2041 1129 2
130 1062 1178 2
131 1160 1111 2
132 1362 1107 2
133 1582 1215 1
134 1744 1160 2
135 2118 1198 1
136 2412 1311 2
137 497 1310 2
138 844 1240 2
139 1050 1254 2
140 1358 1228 0
141 1643 1253 2
142 1852 1294 1
143 2042 1268 2
144 111 1437 1
145 198 1429 2
146 320 1420 2
147 410 1399 2
148 538 1380 2
149 645 1365 2
150 765 1317 2
151 825 1381 2
152 910 1321 2
153 958 1392 0
154 1172 1345 1
155 1244 1438 2
156 1385 1440 1
157 1511 1449 1
158 1711 1365 2
159 1719 1643 2
160 2128 1440 2
161 2294 1420 1
162 2530 1426 2
163 308 1488 0
164 436 1487 2
165 675 1525 1
166 925 1470 2
167 1121 1508 2
168 1192 1559 2
169 1381 1537 2
170 1492 1552 2
171 2245 1820 2
172 1910 1541 2
173 2170 1620 2
174 2387 1555 2
175 2503 1647 2
176 71 1611 1
177 176 1588 2
178 362 1574 2
179 582 1595 2
180 719 1624 1
181 863 1584 2
182 931 1604 2
183 1061 1547 2
184 1307 1647 1
185 1450 1747 0
186 1609 1713 2
187 1843 1658 1
188 2074 1662 2
189 179 1759 2
190 289 1824 1
191 437 1705 1
192 471 1857 2
193 818 1718 2
194 859 1767 2
195 965 1760 2
196 1116 1681 2
197 1137 1785 2
198 1714 18732 2
199 2101 1858 1
1 8 Taxi
1 9 Taxi
1 46 Bus
1 58 Bus
2 10 Taxi
2 20 Taxi
3 4 Taxi
3 11 Taxi
3 12 Taxi
3 22 Bus
3 23 Bus
4 13 Taxi
5 15 Taxi
5 16 Taxi
6 7 Taxi
6 29 Taxi
7 17 Taxi
7 42 Bus
8 18 Taxi
8 19 Taxi
9 19 Taxi
9 20 Taxi
10 11 Taxi
10 21 Taxi
10 34 Taxi
11 22 Taxi
12 23 Taxi
13 14 Taxi
13 23 Taxi
13 24 Taxi
13 46 Underground
13 52 Bus
13 67 Underground
13 89 Underground
14 15 Taxi
14 25 Taxi
15 16 Taxi
15 26 Taxi
15 28 Taxi
15 29 Bus
15 41 Bus
16 28 Taxi
16 29 Taxi
17 29 Taxi
17 30 Taxi
18 31 Taxi
18 43 Taxi
19 32 Taxi
20 33 Taxi
21 33 Taxi
22 23 Taxi
22 34 Taxi
22 35 Taxi
22 65 Bus
23 37 Taxi
23 67 Bus
24 37 Taxi
24 38 Taxi
25 38 Taxi
25 39 Taxi
26 27 Taxi
26 39 Taxi
27 28 Taxi
27 40 Taxi
28 41 Taxi
29 41 Taxi
29 41 Bus
29 42 Taxi
29 42 Bus
29 55 Bus
30 42 Taxi
31 43 Taxi
31 44 Taxi
32 33 Taxi
32 44 Taxi
32 45 Taxi
33 46 Taxi
34 46 Bus
34 47 Taxi
34 48 Taxi
34 63 Bus
35 36 Taxi
35 48 Taxi
35 65 Taxi
36 37 Taxi
36 49 Taxi
37 50 Taxi
38 50 Taxi
38 51 Taxi
39 51 Taxi
39 52 Taxi
40 41 Taxi
40 52 Taxi
40 53 Taxi
41 52 Bus
41 54 Taxi
41 87 Bus
42 56 Taxi
42 72 Taxi
42 72 Bus
43 57 Taxi
44 58 Taxi
45 46 Taxi
45 58 Taxi
45 59 Taxi
45 60 Taxi
46 47 Taxi
46 58 Bus
46 61 Taxi
46 74 Underground
46 78 Bus
46 79 Underground
47 62 Taxi
48 62 Taxi
48 63 Taxi
49 50 Taxi
49 66 Taxi
51 52 Taxi
51 67 Taxi
51 68 Taxi
52 67 Bus
52 69 Taxi
52 86 Bus
53 54 Taxi
53 69 Taxi
54 55 Taxi
54 70 Taxi
55 71 Taxi
55 89 Bus
56 91 Taxi
57 58 Taxi
57 73 Taxi
58 59 Taxi
58 74 Taxi
58 74 Bus
58 75 Taxi
58 77 Bus
59 75 Taxi
59 76 Taxi
60 61 Taxi
60 76 Taxi
61 62 Taxi
61 76 Taxi
61 78 Taxi
62 79 Taxi
63 64 Taxi
63 65 Bus
63 79 Taxi
63 79 Bus
63 80 Taxi
63 100 Bus
64 65 Taxi
64 81 Taxi
65 66 Taxi
65 67 Bus
65 82 Taxi
65 82 Bus
66 67 Taxi
66 82 Taxi
67 68 Taxi
67 79 Underground
67 82 Bus
67 84 Taxi
67 89 Underground
67 102 Bus
67 111 Underground
68 69 Taxi
68 85 Taxi
69 86 Taxi
70 71 Taxi
70 87 Taxi
71 72 Taxi
71 89 Taxi
72 90 Taxi
72 91 Taxi
72 105 Bus
72 107 Bus
73 74 Taxi
73 92 Taxi
74 75 Taxi
74 92 Taxi
74 94 Bus
75 94 Taxi
76 77 Taxi
77 78 Taxi
77 78 Bus
77 94 Bus
77 95 Taxi
77 96 Taxi
77 124 Bus
78 79 Taxi
78 79 Bus
78 97 Taxi
79 93 Underground
79 98 Taxi
79 111 Underground
80 99 Taxi
80 100 Taxi
81 82 Taxi
81 100 Taxi
82 100 Bus
82 101 Taxi
82 140 Bus
83 101 Taxi
83 102 Taxi
84 85 Taxi
85 103 Taxi
86 87 Bus
86 102 Bus
86 103 Taxi
86 104 Taxi
86 116 Bus
87 88 Taxi
87 105 Bus
88 89 Taxi
88 117 Taxi
89 105 Taxi
89 105 Bus
89 128 Underground
89 140 Underground
90 91 Taxi
90 105 Taxi
91 105 Taxi
91 107 Taxi
92 93 Taxi
93 94 Taxi
93 94 Bus
94 95 Taxi
95 122 Taxi
96 97 Taxi
96 109 Taxi
97 98 Taxi
97 109 Taxi
98 99 Taxi
98 110 Taxi
99 110 Taxi
99 112 Taxi
100 101 Taxi
100 111 Bus
100 112 Taxi
100 113 Taxi
101 114 Taxi
102 103 Taxi
102 115 Taxi
102 127 Bus
104 116 Taxi
105 106 Taxi
105 107 Bus
105 108 Taxi
105 108 Bus
106 107 Taxi
107 119 Taxi
107 161 Bus
108 116 Bus
108 117 Taxi
108 119 Taxi
108 135 Bus
109 110 Taxi
109 124 Taxi
110 111 Taxi
111 112 Taxi
111 124 Taxi
111 124 Bus
111 153 Underground
111 163 Underground
112 125 Taxi
113 114 Taxi
113 125 Taxi
114 115 Taxi
114 126 Taxi
114 131 Taxi
114 132 Taxi
115 126 Taxi
115 127 Taxi
116 117 Taxi
116 118 Taxi
116 127 Taxi
116 127 Bus
116 142 Bus
117 129 Taxi
118 129 Taxi
118 134 Taxi
118 142 Taxi
119 136 Taxi
120 121 Taxi
120 144 Taxi
121 122 Taxi
121 145 Taxi
122 123 Taxi
122 123 Bus
122 144 Bus
122 146 Taxi
123 124 Taxi
123 124 Bus
123 137 Taxi
123 144 Bus
123 148 Taxi
123 149 Taxi
123 165 Bus
124 130 Taxi
124 138 Taxi
124 153 Bus
125 131 Taxi
126 127 Taxi
126 140 Taxi
127 133 Taxi
127 133 Bus
127 134 Taxi
128 185 Underground
128 187 Bus
128 188 Taxi
128 199 Bus
129 135 Taxi
129 142 Taxi
129 143 Taxi
130 131 Taxi
130 139 Taxi
132 140 Taxi
133 140 Taxi
133 140 Bus
133 141 Taxi
133 157 Bus
134 141 Taxi
134 142 Taxi
135 128 Bus
135 136 Taxi
135 143 Taxi
135 161 Taxi
135 161 Bus
136 162 Taxi
137 147 Taxi
138 150 Taxi
138 152 Taxi
139 140 Taxi
139 153 Taxi
139 154 Taxi
140 128 Underground
140 153 Underground
140 154 Taxi
140 154 Bus
140 156 Taxi
140 156 Bus
141 142 Taxi
141 158 Taxi
142 128 Taxi
142 128 Bus
142 143 Taxi
142 157 Bus
142 158 Taxi
143 128 Taxi
143 160 Taxi
144 145 Taxi
144 163 Bus
144 177 Taxi
145 146 Taxi
146 147 Taxi
146 163 Taxi
147 164 Taxi
148 149 Taxi
148 164 Taxi
149 150 Taxi
149 165 Taxi
150 151 Taxi
151 152 Taxi
151 165 Taxi
151 166 Taxi
152 153 Taxi
153 154 Taxi
153 154 Bus
153 163 Underground
153 166 Taxi
153 167 Taxi
153 180 Bus
153 184 Bus
153 185 Underground
154 155 Taxi
154 156 Bus
155 156 Taxi
155 167 Taxi
155 168 Taxi
156 157 Taxi
156 157 Bus
156 169 Taxi
156 184 Bus
157 158 Taxi
157 170 Taxi
157 185 Bus
158 159 Taxi
159 170 Taxi
159 172 Taxi
159 186 Taxi
159 198 Taxi
160 128 Taxi
160 161 Taxi
160 173 Taxi
161 128 Bus
161 174 Taxi
161 199 Bus
162 175 Taxi
163 176 Bus
163 177 Taxi
163 191 Bus
164 178 Taxi
164 179 Taxi
165 179 Taxi
165 180 Taxi
165 180 Bus
165 191 Bus
166 181 Taxi
166 183 Taxi
167 168 Taxi
167 183 Taxi
168 184 Taxi
169 184 Taxi
170 185 Taxi
171 173 Taxi
171 175 Taxi
171 199 Taxi
172 128 Taxi
172 187 Taxi
173 174 Taxi
173 188 Taxi
174 175 Taxi
176 177 Taxi
176 189 Taxi
176 190 Bus
178 189 Taxi
178 191 Taxi
179 191 Taxi
180 181 Taxi
180 184 Bus
180 190 Bus
180 193 Taxi
181 182 Taxi
181 193 Taxi
182 183 Taxi
182 195 Taxi
183 196 Taxi
184 185 Taxi
184 185 Bus
184 196 Taxi
184 197 Taxi
185 186 Taxi
185 187 Bus
186 198 Taxi
187 188 Taxi
187 198 Taxi
187 199 Bus
188 199 Taxi
189 190 Taxi
190 191 Taxi
190 191 Bus
190 192 Taxi
191 192 Taxi
192 194 Taxi
193 194 Taxi
194 195 Taxi
195 197 Taxi
196 197 Taxi
198 199 Taxi
194 157 Boat
157 115 Boat
115 108 Boat
